2.456232692199999932e+06 8.340029155642878500e-01 7.366624250639586561e-04
2.456232693179999944e+06 8.357524264555161730e-01 7.264798896766380600e-04
2.456232694180000108e+06 8.346008596966119075e-01 7.226058987119362209e-04
2.456232695160000119e+06 8.345595719560230386e-01 7.134644098819969667e-04
2.456232696150000207e+06 8.350067198468162921e-01 7.272179406308851941e-04
2.456232697139999829e+06 8.340234756821721662e-01 7.177935488087651330e-04
2.456232698129999917e+06 8.344012625980918862e-01 7.359454337077530901e-04
2.456232699109999929e+06 8.340954520412149353e-01 7.122628478583389487e-04
2.456232700089999940e+06 8.343131963507022242e-01 7.228191410716741780e-04
2.456232701090000104e+06 8.351678086224855191e-01 7.224183846105673061e-04
2.456232702080000192e+06 8.315321402681520313e-01 7.454298988882956467e-04
2.456232703060000204e+06 8.324034319480836386e-01 7.503711895704882158e-04
2.456232704049999826e+06 8.312139819207393643e-01 7.197815736677265616e-04
2.456232705029999837e+06 8.316148166468712022e-01 7.453508701490396118e-04
2.456232706030000001e+06 8.281989463869819934e-01 7.347401549847708963e-04
2.456232707010000013e+06 8.292793867336512026e-01 7.323399453216982357e-04
2.456232708000000101e+06 8.277013108292763377e-01 7.540373436521238381e-04
2.456232708980000112e+06 8.242733163073832081e-01 7.321707604510552941e-04
2.456232709970000200e+06 8.233599947444593115e-01 7.474686451190624926e-04
2.456232710959999822e+06 8.208677124113554768e-01 7.437388099382896949e-04
2.456232711939999834e+06 8.205817950810457839e-01 7.258990624347302478e-04
2.456232712929999921e+06 8.179020515490126320e-01 7.236507367064216141e-04
2.456232713909999933e+06 8.170521870701682454e-01 7.522283967648207273e-04
2.456232714910000097e+06 8.172096396555434961e-01 7.608952589924350678e-04
2.456232715890000109e+06 8.154740235864530451e-01 7.508792302329666754e-04
2.456232716889999807e+06 8.159014853117847466e-01 7.669927101523868517e-04
2.456232717869999819e+06 8.129682336387391572e-01 7.269795792377350269e-04
2.456232718849999830e+06 8.140776689239592745e-01 7.398160055640352548e-04
2.456232719839999918e+06 8.133928997802274408e-01 7.447714498128756152e-04
2.456232720830000006e+06 8.133783649460130105e-01 7.371677092366847334e-04
2.456232721820000093e+06 8.111715081182937492e-01 7.620309532019620439e-04
2.456232722800000105e+06 8.128701522443029237e-01 7.580440097345084822e-04
2.456232723780000117e+06 8.126890896073185599e-01 7.675205310061465483e-04
2.456232724779999815e+06 8.122028358448815100e-01 7.275721422155742839e-04
2.456232725759999827e+06 8.110128965525688072e-01 7.523666156458332218e-04
2.456232726759999990e+06 8.112383492251348249e-01 7.217278724688313630e-04
2.456232727740000002e+06 8.106318893781894186e-01 7.484990323003326736e-04
2.456232728730000090e+06 8.098241994983970127e-01 7.457083161789017280e-04
2.456232729710000101e+06 8.094491308803104523e-01 7.886278313285494806e-04
2.456232730709999800e+06 8.120334298226641323e-01 7.725934396534195944e-04
2.456232731689999811e+06 8.115193148121879751e-01 7.762170791127926501e-04
2.456232732669999823e+06 8.104968440505316840e-01 7.650560783276638688e-04
2.456232733659999911e+06 8.101420461302936138e-01 7.584187589868407854e-04
2.456232734639999922e+06 8.104848375798344717e-01 7.488488486644488120e-04
2.456232735640000086e+06 8.121036637603306074e-01 7.413128122173303323e-04
2.456232736630000174e+06 8.106737490380282463e-01 7.792109159898426935e-04
2.456232737600000110e+06 8.114303668443290096e-01 7.903042325198096412e-04
2.456232738599999808e+06 8.101907930659427715e-01 7.745527285989083858e-04
2.456232739579999819e+06 8.098931046626351993e-01 7.858710743645606770e-04
2.456232740579999983e+06 8.105072232340465588e-01 7.785791898623833571e-04
2.456232741559999995e+06 8.109084009764526702e-01 7.716767960872242477e-04
2.456232742550000083e+06 8.099691198829247485e-01 7.749081517334435601e-04
2.456232743530000094e+06 8.098564494290818594e-01 7.714202357131528642e-04
2.456232744529999793e+06 8.093173430705146165e-01 7.649850380692774753e-04
2.456232745509999804e+06 8.097948077733542194e-01 7.553292466695657459e-04
2.456232746499999892e+06 8.091588695514133622e-01 7.694356205931890966e-04
2.456232747489999980e+06 8.104840112004320085e-01 7.938653921573024432e-04
2.456232748469999991e+06 8.106940647761011753e-01 7.761250696459166517e-04
2.456232749460000079e+06 8.080022612766878387e-01 8.027147921565670665e-04
2.456232750450000167e+06 8.110666743013843494e-01 7.547721192524321646e-04
2.456232751439999789e+06 8.093927019534361555e-01 7.941103795462684358e-04
2.456232752419999801e+06 8.106720331721594119e-01 7.682817277806840237e-04
2.456232753399999812e+06 8.098594703662914673e-01 7.890410346106419177e-04
2.456232754389999900e+06 8.096776750130673106e-01 7.775073424398485939e-04
2.456232755379999988e+06 8.106272920789998615e-01 7.707289479245671123e-04
2.456232756380000152e+06 8.114012309834601755e-01 7.776712399713975321e-04
2.456232757360000163e+06 8.125881050122663041e-01 8.345952642506095000e-04
2.456232758340000175e+06 8.099280039041043544e-01 7.883737038795601967e-04
2.456232759329999797e+06 8.108065755264644014e-01 8.079900967877779545e-04
2.456232760319999885e+06 8.113802624122952167e-01 8.158668671857417787e-04
2.456232761309999973e+06 8.086682296943518145e-01 7.993037370399905771e-04
2.456232762289999984e+06 8.135934448723738388e-01 8.093879007895281004e-04
2.456232763280000072e+06 8.125837508674876863e-01 8.297051535269561479e-04
2.456232764260000084e+06 8.100004639878350954e-01 8.022399279031489040e-04
2.456232765250000171e+06 8.099586739093472820e-01 8.112761210600192034e-04
2.456232766249999870e+06 8.113801956161327267e-01 8.346640922616796769e-04
2.456232767219999805e+06 8.108716860348631483e-01 8.276072865409535686e-04
2.456232768219999969e+06 8.086842364545822059e-01 8.321106127348303766e-04
2.456232769199999981e+06 8.103744767420123507e-01 8.588479807934256815e-04
2.456232770200000145e+06 8.135960250741347544e-01 8.276902537297322780e-04
2.456232771180000156e+06 8.098075925972358924e-01 7.995074204184823364e-04
2.456232772160000168e+06 8.113806187254504199e-01 8.094806981205990987e-04
2.456232773149999790e+06 8.125887455134882531e-01 8.515989264897133593e-04
2.456232774129999802e+06 8.153009488932351223e-01 8.928311068298837696e-04
2.456232775129999965e+06 8.153249528933002033e-01 8.732030153676567132e-04
2.456232776109999977e+06 8.155898052220619254e-01 8.432103944014025408e-04
2.456232777089999989e+06 8.140378488817792135e-01 8.344896242415874568e-04
2.456232778080000076e+06 8.138048470891784403e-01 8.584345530465816625e-04
2.456232779070000164e+06 8.138690324834251255e-01 8.530200264901142623e-04
2.456232780059999786e+06 8.150193541191522728e-01 8.403384213035397336e-04
2.456232781049999874e+06 8.204452907500460190e-01 8.628153824637306742e-04
2.456232782039999962e+06 8.213220354893329134e-01 8.835114311024376207e-04
2.456232783019999973e+06 8.226588358182486127e-01 8.861672445250107959e-04
2.456232783999999985e+06 8.230829045162628699e-01 8.837857161672092992e-04
2.456232785000000149e+06 8.284708078859797098e-01 9.235007581716842386e-04
2.456232785980000161e+06 8.281544867370801422e-01 8.833898571521211400e-04
2.456232786969999783e+06 8.290425634103991692e-01 9.083591068907502335e-04
2.456232787959999871e+06 8.305912176481288212e-01 9.041881190407120720e-04
2.456232788949999958e+06 8.313039183295855006e-01 8.879312078439811819e-04
2.456232789929999970e+06 8.340297940680425626e-01 9.011673012971514263e-04
2.456232790930000134e+06 8.319552547589533775e-01 9.126107339360922449e-04
2.456232791910000145e+06 8.342935141943859101e-01 9.160060313067247073e-04
2.456232792890000157e+06 8.342244408706714909e-01 9.342171856521133558e-04
2.456232793879999779e+06 8.318879690179663555e-01 8.776041940823621967e-04
2.456232794869999867e+06 8.327205091439791040e-01 9.243382867051345942e-04
2.456232795870000031e+06 8.318681517738568676e-01 9.399750165195522311e-04
2.456232796839999966e+06 8.301129280306809299e-01 9.114111424079376477e-04
2.456232797840000130e+06 8.320772595813759054e-01 8.991204542661704671e-04
2.456232798820000142e+06 8.326987358161604957e-01 8.886058162359037303e-04
2.456232799810000230e+06 8.342849430296802593e-01 9.374050063317794891e-04
2.456232800799999852e+06 8.299886979856606617e-01 9.580702962285604467e-04
